#Данные о космических объектах
star 2.0 red 1.98892e+30 579615217.8750144 256085414.14353517 13.346294006436608 9.300656413416762
planet 2.0 orange 3.302e+23 50083218726.68079 -6458132300.849262 15092.96862984488 53961.995199095065
planet 5.0 blue 4.869e+24 57296617879.26341 -103395243364.20584 28505.00627122351 14753.546152113724
planet 5.0 green 5.974e+24 -120873290997.73087 80186083273.95052 -18905.646075789093 -24196.340972711616
planet 3.0 red 6.419e+23 -38062651579.12655 219763315118.0995 -24413.91502375244 -3563.8231162360444
planet 20.0 yellow 1.899e+27 230193277537.07083 741561015665.788 -12494.246994436975 3928.964363664389
planet 15.0 white 5.685e+26 1246839544794.623 698046592914.1014 -4709.681529866794 8454.550758952086
planet 8.0 gray 8.685e+25 2824960102930.66 512932413484.47107 -1210.7720250905436 6732.111919411018
planet 7.0 blue 1.024e+26 4479515591199.723 412563869495.40137 -494.9949687825906 5457.49732385975
